A = 
[[1 2 1 0]
 [2 1 0 1]]
b = 
[16 12]
c = 
[-2 -5]

Problema tem base, vamos começar a pivotar.
[[  1.   2.   1.   0.  16.]
 [  2.   1.   0.   1.  12.]
 [  2.   5.   0.   0.   0.]]
Pivotando na linha 1 e coluna 2.
[[  0.5   1.    0.5   0.    8. ]
 [  2.    1.    0.    1.   12. ]
 [  2.    5.    0.    0.    0. ]]
[[ 0.5  1.   0.5  0.   8. ]
 [ 1.5  0.  -0.5  1.   4. ]
 [ 2.   5.   0.   0.   0. ]]
[[  0.5   1.    0.5   0.    8. ]
 [  1.5   0.   -0.5   1.    4. ]
 [ -0.5   0.   -2.5   0.  -40. ]]
[[  0.5   1.    0.5   0.    8. ]
 [  1.5   0.   -0.5   1.    4. ]
 [ -0.5   0.   -2.5   0.  -40. ]]
Solução x =
[ 0.  8.  0.  4.  0.  0.]
