3.0
1.22853
0.422491467
0.0422491467
0.00422491467
0.000422491467
3.0
1.22853
0.422491467
0.0422491467
0.00422491467
0.000422491467
3.0
1.2504
0.25008
0.050016
0.0100032
0.00200064
0.000400128
3.0
1.11
0.333
0.0999
0.02997
0.008991
0.0026973
0.00080919
3.0
1.2
0.48
0.192
0.0768
0.03072
0.012288
0.0049152
0.00196608
0.000786432
3.0
1.5
0.75
0.375
0.1875
0.09375
0.046875
0.0234375
0.01171875
0.005859375
0.0029296875
0.00146484375
0.000732421875
3.0
1.8
1.08
0.648
0.3888
0.23328
0.139968
0.0839808
0.05038848
0.030233088
0.0181398528
0.01088391168
0.006530347008
0.0039182082048
0.00235092492288
0.00141055495373
0.000846332972237
3.0
2.1
1.47
1.029
0.7203
0.50421
0.352947
0.2470629
0.17294403
0.121060821
0.0847425747
0.05931980229
0.041523861603
0.0290667031221
0.0203466921855
0.0142426845298
0.00996987917088
0.00697891541962
0.00488524079373
0.00341966855561
0.00239376798893
0.00167563759225
0.00117294631457
0.000821062420202
3.0
2.4
1.92
1.536
1.2288
0.98304
0.786432
0.6291456
0.50331648
0.402653184
0.3221225472
0.25769803776
0.206158430208
0.164926744166
0.131941395333
0.105553116266
0.0844424930132
0.0675539944106
0.0540431955284
0.0432345564228
0.0345876451382
0.0276701161106
0.0221360928885
0.0177088743108
0.0141670994486
0.0113336795589
0.00906694364711
0.00725355491769
0.00580284393415
0.00464227514732
0.00371382011786
0.00297105609428
0.00237684487543
0.00190147590034
0.00152118072027
0.00121694457622
0.000973555660975
3.0
2.7
2.43
2.187
1.9683
1.77147
1.594323
1.4348907
1.29140163
1.162261467
1.0460353203
0.94143178827
0.847288609443
0.762559748499
0.686303773649
0.617673396284
0.555906056656
0.50031545099
0.450283905891
0.405255515302
0.364729963772
0.328256967395
0.295431270655
0.26588814359
0.239299329231
0.215369396308
0.193832456677
0.174449211009
0.157004289908
0.141303860917
0.127173474826
0.114456127343
0.103010514609
0.0927094631479
0.0834385168331
0.0750946651498
0.0675851986348
0.0608266787713
0.0547440108942
0.0492696098048
0.0443426488243
0.0399083839419
0.0359175455477
0.0323257909929
0.0290932118936
0.0261838907043
0.0235655016338
0.0212089514705
0.0190880563234
0.0171792506911
0.015461325622
0.0139151930598
0.0125236737538
0.0112713063784
0.0101441757406
0.00912975816651
0.00821678234986
0.00739510411487
0.00665559370339
0.00599003433305
0.00539103089974
0.00485192780977
0.00436673502879
0.00393006152591
0.00353705537332
0.00318334983599
0.00286501485239
0.00257851336715
0.00232066203044
0.00208859582739
0.00187973624465
0.00169176262019
0.00152258635817
0.00137032772235
0.00123329495012
0.00110996545511
0.000998968909595
